SNP	CHR	BP	P
SNP13	6	1656	0.009938434
SNP14	6	1660	0.008362008
SNP15	6	1709	0.01471616
SNP20	6	1856	0.04817524
SNP85	6	6274	0.04675378
SNP97	6	6595	0.02124978
SNP98	6	6616	0.03198613
SNP105	6	6872	0.01771592
SNP106	6	6880	0.02145585
SNP113	6	7114	0.01223865
SNP116	6	7298	0.03260305
SNP118	6	7390	0.01620773
SNP121	6	7483	0.01526985
SNP135	6	7896	0.02043296
SNP136	6	7916	0.01638383
SNP137	6	7921	0.01105909
SNP138	6	7923	0.02342043
SNP139	6	7952	0.009880549
SNP150	6	8273	0.02391717
SNP151	6	8285	0.02144344
SNP152	6	8291	0.01404678
SNP179	6	9713	0.01522934
SNP180	6	9733	0.001259717
SNP181	6	9746	0.003150379
SNP182	6	9755	0.04070703
SNP191	6	10100	0.04552448
SNP198	6	10258	0.02814488
SNP199	6	10261	0.04605849
SNP200	6	10281	0.04300317
SNP204	6	10346	0.03875522
SNP205	6	10357	0.02775706
SNP206	6	10372	0.02972389
SNP207	6	10389	0.007895505
SNP208	6	10487	0.02005629
SNP209	6	10493	0.02788789
SNP210	6	10525	0.009640749
SNP212	6	10628	0.03033264
SNP213	6	10655	0.04349305
SNP214	6	10666	0.02175252
SNP215	6	10668	0.0102164
SNP218	6	10751	0.02568149
SNP220	6	10770	0.01069354
SNP221	6	10805	0.01567865
SNP222	6	10906	0.02435339
SNP223	6	10918	0.02458763
SNP226	6	10954	0.02367663
SNP227	6	10960	0.0266655
SNP228	6	11018	0.009204905
SNP229	6	11021	0.02329241
SNP230	6	11087	0.03255862
SNP231	6	11091	0.011702
SNP232	6	11108	0.009299435
SNP234	6	11168	0.01537513
SNP235	6	11189	0.01722514
SNP236	6	11216	0.007356317
SNP237	6	11222	0.02320899
SNP238	6	11260	0.04262358
SNP239	6	11339	0.02079295
SNP240	6	11366	0.02088233
SNP241	6	11456	0.02610061
SNP242	6	11461	0.007575634
SNP243	6	11520	0.02495547
SNP245	6	11555	0.01463028
SNP251	6	11702	0.03914719
SNP253	6	11726	0.04922301
SNP262	6	11927	0.01621066
SNP263	6	11930	0.002334501
SNP264	6	11962	0.0428642
SNP265	6	11965	0.0204143
SNP266	6	11985	0.01149083
SNP267	6	11995	0.02249928
SNP272	6	12098	0.01717046
SNP274	6	12139	0.01443781
SNP278	6	12248	0.03122042
SNP279	6	12251	0.03632548
SNP280	6	12259	0.01411621
SNP283	6	12380	0.004754442
SNP284	6	12386	0.01602561
SNP285	6	12389	0.004803384
SNP286	6	12456	0.02935228
SNP287	6	12464	0.01295409
SNP288	6	12482	0.01833767
SNP294	6	12572	0.01172377
SNP295	6	12593	0.01702323
SNP297	6	12647	0.03794063
SNP299	6	12670	0.03350317
SNP300	6	12676	0.01811829
SNP303	6	12752	0.0224139
SNP306	6	12815	0.02491292
SNP310	6	12905	0.02978015
SNP324	6	13743	0.0495616
SNP325	6	13758	0.0268859
SNP326	6	13764	0.01031248
SNP342	6	22501	0.01762086
SNP343	6	22546	0.004842922
SNP344	6	22548	0.007324701
SNP346	6	22594	0.008829152
SNP348	6	22734	0.02988493
SNP350	6	22736	0.02459922
